NAME: __random_converted_txt
COMMENT:  auto generated ./random_converted.txt
TYPE: TSP
DIMENSION: 20
GTSP_SETS: 20
EDGE_WEIGHT_TYPE: EXPLICIT
EDGE_WEIGHT_FORMAT: LOWER_DIAG_ROW
EDGE_WEIGHT_SECTION:
0 
13672 0 
9361 13634 0 
7591 10512 6434 0 
16565 8993 16527 13334 0 
17316 12240 17270 14083 15133 0 
15046 7473 15008 11886 10366 11123 0 
10545 5253 10322 7097 8147 8786 6627 0 
9904 13746 8742 6976 16639 17399 11276 10865 0 
6988 10451 5826 4060 11458 14897 11825 7949 6369 0 
71 13672 9361 7591 16565 17316 15046 10545 9904 6988 0 
13672 61 13634 10512 8993 12240 7473 5253 13746 10451 100000000 0 
9361 13634 82 6434 16527 17270 15008 10322 8742 5826 100000000 100000000 0 
7591 10512 6434 20 13334 14083 11886 7097 6976 4060 100000000 100000000 100000000 0 
16565 8993 16527 13334 100 15133 10366 8147 16639 11458 100000000 100000000 100000000 100000000 0 
17316 12240 17270 14083 15133 100 11123 8786 17399 14897 100000000 100000000 100000000 100000000 100000000 0 
15046 7473 15008 11886 10366 11123 50 6627 11276 11825 100000000 100000000 100000000 100000000 100000000 100000000 0 
10545 5253 10322 7097 8147 8786 6627 18 10865 7949 100000000 100000000 100000000 100000000 100000000 100000000 100000000 0 
9904 13746 8742 6976 16639 17399 11276 10865 39 6369 100000000 100000000 100000000 100000000 100000000 100000000 100000000 100000000 0 
6988 10451 5826 4060 11458 14897 11825 7949 6369 4 100000000 100000000 100000000 100000000 100000000 100000000 100000000 100000000 100000000 0 
GTSP_SET_SECTION:
1 12 13 14 15 16 18 -1
2 1 18 12 13 14 15 16 -1
3 11 13 14 15 17 18 19 -1
4 17 18 19 2 11 13 14 15 -1
5 11 12 14 16 18 19 20 -1
6 18 19 20 3 11 12 14 16 -1
7 11 12 13 15 18 -1
8 18 4 11 12 13 15 -1
9 20 11 12 14 -1
10 20 5 11 12 14 -1
11 17 18 11 13 -1
12 17 18 6 11 13 -1
13 19 12 16 -1
14 19 12 7 16 -1
15 11 12 13 14 16 -1
16 8 11 12 13 14 16 -1
17 17 12 13 -1
18 17 9 12 13 -1
19 13 15 -1
20 10 13 15 -1
EOF
