140
0 1 2 3 4 5 6 7 8 9 10 11 12 13 14 15 16 17 18 19 20 21 22 23 24 25 26 27 28 29 30 31 32 33 34 35 36 37 38 39 40 41 42 43 44 45 46 47 48 49 50 51 52 53 54 55 56 57 58 59 60 61 62 63 64 65 66 67 68 69 70 71 72 73 74 75 76 77 78 79 80 81 82 83 84 85 86 87 88 89 90 91 92 93 94 95 96 97 98 99 100 101 102 103 104 105 106 107 108 109 110 111 112 113 114 115 116 117 118 119 120 121 122 123 124 125 126 127 128 129 130 131 132 133 134 135 136 137 138 139 
4
2000000000.0 1184.0608499999998 1463.42069 1091.78757 662.41985 1066.7708699999998 1285.76829 1608.22888 1610.58999 728.01103 1208.1390999999999 1140.17547 291.20444000000003 1760.00004 996.39354 172.04655000000002 1311.03017 1122.8535499999998 1360.5881499999998 1900.42105 1281.4055199999998 518.84491 170.88011 1020.78405 2107.88998 1626.4071199999998 1868.15421 1680.23812 282.84275 1868.68942 393.95435000000003 1371.86009 1202.8300399999998 1292.74905 651.45994 84.85285 412.3106 372.02154 1904.20591 1791.08909 1177.1151599999998 1200.1667 1321.9682699999998 1578.35361 1958.87727 1980.10105 250.59932 1314.8384299999998 1816.0396899999998 609.59007 876.58432 837.3769 679.11711 1356.02364 1905.4658599999998 1056.0303399999998 876.58432 425.20587 524.97623 1004.19126 1753.2826799999998 1559.74361 600.3332800000001 1102.90529 980.8160300000001 613.51451 1216.5525499999999 1572.89546 429.41825 401.99506 20.00004 x x x x x x x x x x x x x 1016.39354 x x x x x x x x x x x x x 302.84275 x x x x x x x x x x x x x 1341.9682699999998 x x x x x x x x x x x x x 896.58432 x x x x x x x x x x x x x 
1184.0608499999998 2000000000.0 388.32980000000003 170.88011 850.41171 447.21364 101.98043 440.45435000000003 1049.9524199999998 944.03394 1636.8262399999999 1047.8549899999998 1060.7544899999998 697.71058 468.61502 1137.1895599999998 803.99009 240.83193 260.00004 840.95188 1043.07242 684.68975 1013.9033900000001 396.9887 1604.61837 442.71891 1166.19042 523.4501300000001 1100.72707 876.58432 980.8160300000001 260.76814 1241.93402 1063.01462 986.71175 1227.84368 1088.1176799999998 845.93148 1494.5233799999999 1271.37725 520.38451 345.25357 729.93154 700.00004 1456.0220199999999 1293.21309 1019.80394 1601.12464 632.45557 1075.17444 1325.7451099999998 994.7864500000001 678.82255 1436.1058899999998 734.30243 1458.90374 456.94643 1072.0075 740.27026 1103.0866199999998 1305.06709 1504.7923799999999 620.32254 1872.11115 1525.5163499999999 572.71288 1515.3877799999998 754.71853 941.91299 1102.90529 x 20.00004 x x x x x x x x x x x x x 1157.1895599999998 x x x x x x x x x x x x x 896.58432 x x x x x x x x x x x x x 720.00004 x x x x x x x x x x x x x 1092.0075 x x x x x x x x x x x x 
1463.42069 388.32980000000003 2000000000.0 384.70772 975.08978 456.50853 325.57645 233.23812 780.00004 1032.4728 1631.31853 976.52449 1391.68966 316.22781000000003 856.03742 1381.01416 627.6942300000001 340.58777000000003 509.90199 461.7359 912.3596200000001 1009.75248 1300.61528 784.09187 1295.22203 373.63087 828.73401 256.12501000000003 1431.36303 488.26226 1325.7451099999998 128.06252 1170.47003 930.37631 1363.08478 1520.5262599999999 1271.37725 1166.19042 1222.62018 985.08887 424.26411 286.35646 538.51652 354.40094 1157.41094 950.78919 1259.3649599999999 1553.31907 504.77722 1198.8328099999999 1377.67925 1040.1923299999999 841.18967 1342.3859799999998 662.41985 1471.0540799999999 841.18967 1252.5175 1086.8302899999999 1089.77066 1040.1923299999999 1353.51399 961.04114 1952.33198 1572.89546 885.66363 1484.04856 427.55121 1290.73626 1451.34424 x x 20.00004 x x x x x x x x x x x x x 647.6942300000001 x x x x x x x x x x x x x 1345.7451099999998 x x x x x x x x x x x x x 1177.41094 x x x x x x x x x x x x x 1106.8302899999999 x x x x x x x x x x x 
1091.78757 170.88011 384.70772 2000000000.0 693.10898 280.71342 240.83193 519.23024 921.95449 781.0250100000001 1467.10603 878.63535 1007.1743 698.57001 549.18125 1024.8902799999998 655.13361 89.44275999999999 430.81322 844.03795 880.2272800000001 625.14002 925.41886 483.7355 1484.85694 566.03891 1068.26967 588.5576 1046.90023 850.88194 941.4882200000001 280.71342 1072.0075 900.22223 992.97537 1144.3775999999998 950.15792 782.30433 1360.14709 1145.42573 368.78182000000004 216.33312 588.2176900000001 624.82001 1332.8166099999999 1196.32775 904.43356 1430.2447699999998 751.79789 920.21741 1160.1724399999998 826.8011 528.01519 1266.96492 872.00921 1289.96128 495.17678 932.95234 703.42026 932.309 1170.47003 1341.3426499999998 577.23483 1712.65879 1360.14709 501.59749 1344.6189499999998 664.83085 907.0832800000001 1067.3331699999999 x x x 20.00004 x x x x x x x x x x x x x 109.44275999999999 x x x x x x x x x x x x x 300.71342 x x x x x x x x x x x x x 1216.32775 x x x x x x x x x x x x x 952.309 x x x x x x x x x x 
662.41985 850.41171 975.08978 693.10898 2000000000.0 520.00004 933.38099 1176.6053299999999 950.78919 120.00004 839.52371 496.78973 781.0250100000001 1222.62018 961.04114 512.64026 659.69694 672.01194 1100.00004 1349.37026 624.82001 572.71288 566.3921300000001 936.8031100000001 1448.4474799999998 1252.5175 1214.5781599999998 1225.88747 807.21748 1287.6335299999998 799.24969 926.49883 609.26189 637.80879 1013.9033900000001 744.3118000000001 320.00004 608.27629 1249.63999 1128.7161199999998 592.28376 688.76705 684.68975 983.25992 1297.9985 1322.5732899999998 411.82525000000004 860.00004 1432.20114 228.03513 493.9636 228.03513 178.88548 796.9943900000001 1562.04998 655.13361 831.86541 300.00004 684.1053 404.96917 1092.8861299999999 966.02281 622.8965000000001 1021.76322 688.76705 520.00004 760.26315 960.00004 796.49235 900.00004 x x x x 20.00004 x x x x x x x x x x x x x 1120.00004 x x x x x x x x x x x x x 629.26189 x x x x x x x x x x x x x 431.82525000000004 x x x x x x x x x x x x x 1112.8861299999999 x x x x x x x x x 
1066.7708699999998 447.21364 456.50853 280.71342 520.00004 2000000000.0 493.9636 668.43104 688.18606 576.88824 1214.90744 601.6644 1058.4895299999998 710.21128 791.2016600000001 960.20835 393.95435000000003 208.80617 703.42026 843.80096 600.00004 699.71427 917.8235500000001 733.75749 1253.63476 765.76763 880.90866 710.21128 1095.62771 802.24688 1020.00004 424.26411 796.9943900000001 620.00004 1134.5484099999999 1134.3721099999998 824.62117 832.58637 1109.23401 909.72527 128.06252 172.04655000000002 344.09305 514.19845 1098.3624599999998 1006.5784 840.00004 1163.6151 933.80944 742.42849 933.38099 593.96974 401.99506 989.54539 1076.2899599999998 1044.0306899999998 707.10682 805.23293 804.48745 672.30949 921.30346 1060.7544899999998 684.1053 1503.3296799999998 1131.7243899999999 576.88824 1082.4047699999999 520.00004 994.7864500000001 1144.90178 x x x x x 20.00004 x x x x x x x x x x x x x 863.80096 x x x x x x x x x x x x x 640.00004 x x x x x x x x x x x x x 1183.6151 x x x x x x x x x x x x x 1080.7544899999998 x x x x x x x x 
1285.76829 101.98043 325.57645 240.83193 933.38099 493.9636 2000000000.0 342.3449 1043.4558399999999 1021.76322 1701.7638299999999 1094.1663899999999 1161.55073 621.28902 538.51652 1236.9317299999998 820.24391 286.35646 220.00004 761.57735 1075.17444 786.38417 1115.70609 466.47619000000003 1587.5768099999998 341.76019 1135.95779 427.55121 1201.4991 809.19717 1080.1852099999999 200.00004 1290.2713299999998 1094.8972999999999 1077.033 1329.81206 1181.5244799999998 947.62866 1490.5033099999998 1261.2692399999999 545.8938 362.21545000000003 740.27026 662.41985 1442.49787 1261.2692399999999 1118.9280999999999 1657.10595 531.4132500000001 1160.00004 1400.00004 1065.0821999999998 765.76763 1480.81063 638.12229 1526.4337899999998 544.05886 1164.98931 840.00004 1162.7553899999998 1302.30569 1535.83857 721.1103 1953.45851 1600.00004 674.68515 1574.42057 724.9828 1040.7689899999998 1201.4991 x x x x x x 20.00004 x x x x x x x x x x x x x 1095.17444 x x x x x x x x x x x x x 1097.033 x x x x x x x x x x x x x 551.4132500000001 x x x x x x x x x x x x x 741.1103 x x x x x x x 
1608.22888 440.45435000000003 233.23812 519.23024 1176.6053299999999 668.43104 342.3449 2000000000.0 987.31964 1244.02576 1861.71968 1209.2973599999998 1500.1333699999998 349.85715 861.62641 1544.0207699999999 859.0693 509.90199 428.01873 466.90474 1144.90178 1121.60603 1440.1389199999999 791.2016600000001 1471.0540799999999 161.24519 992.97537 89.44275999999999 1540.1299 555.6978 1421.2670799999999 250.59932 1403.56692 1162.7553899999998 1416.61573 1657.4679899999999 1458.35528 1282.4976 1420.56331 1180.16952 652.99315 496.78973 769.6753 540.37028 1342.3859799999998 1106.34537 1423.3763099999999 1786.1691199999998 272.02945 1403.56692 1599.625 1260.6347999999998 1028.5913099999998 1575.4364899999998 429.41825 1699.1763099999998 882.94964 1440.2777899999999 1180.67781 1318.9390099999998 1244.02576 1582.40328 1060.00004 2171.54327 1796.5522899999999 1004.9876 1716.042 621.28902 1382.31694 1543.24338 x x x x x x x 20.00004 x x x x x x x x x x x x x 1141.60603 x x x x x x x x x x x x x 1677.4679899999999 x x x x x x x x x x x x x 1423.56692 x x x x x x x x x x x x x 2191.54327 x x x x x x 
1610.58999 1049.9524199999998 780.00004 921.95449 950.78919 688.18606 1043.4558399999999 987.31964 2000000000.0 912.14038 1155.50859 560.35707 1681.0711299999998 743.23621 1467.10603 1463.2840199999998 312.41003 832.58637 1259.3649599999999 776.65955 401.99506 1358.82306 1495.8609999999999 1404.27921 566.03891 1144.3775999999998 280.00004 961.04114 1714.05955 640.31246 1664.81234 865.79447 670.5222200000001 404.47501 1810.41436 1690.56208 1252.83682 1468.1962099999998 447.21364 223.60684 566.03891 709.36595 344.09305 451.22061 411.82525000000004 373.63087 1360.5881499999998 1012.12651 1232.2337799999998 1082.58953 1064.7065699999998 831.86541 954.14888 754.71853 1397.13998 1057.73347 1392.8388699999998 1233.6936799999999 1471.0540799999999 740.27026 260.76814 666.0330700000001 1357.93966 1596.2456399999999 1208.3046399999998 1244.50797 984.88582 368.78182000000004 1646.57224 1784.0403999999999 x x x x x x x x 20.00004 x x x x x x x x x x x x x 1515.8609999999999 x x x x x x x x x x x x x 1272.83682 x x x x x x x x x x x x x 1084.7065699999998 x x x x x x x x x x x x x 1228.3046399999998 x x x x x 
728.01103 944.03394 1032.4728 781.0250100000001 120.00004 576.88824 1021.76322 1244.02576 912.14038 2000000000.0 722.77248 412.3106 876.58432 1259.3649599999999 1078.7029599999998 566.03891 641.24882 749.66663 1198.1653 1379.2752099999998 555.6978 690.5071 652.99315 1052.61583 1382.31694 1330.5638299999998 1184.56747 1287.01208 900.00004 1306.1393899999998 903.5486 996.39354 501.1986 566.03891 1126.0550999999998 812.15766 341.76019 716.9379700000001 1176.4353299999998 1074.2439599999998 627.6942300000001 748.86585 681.17549 1000.20002 1235.4756599999998 1285.76829 481.66382 740.00004 1505.72246 181.10774 384.70772 116.61908 291.20444000000003 683.52034 1641.4627999999998 538.51652 950.36839 323.10993 800.49988 295.29650000000004 1029.56305 860.92977 742.42849 933.38099 583.09523 640.00004 640.31246 967.47097 903.76992 998.59906 x x x x x x x x x 20.00004 x x x x x x x x x x x x x 1072.61583 x x x x x x x x x x x x x 736.9379700000001 x x x x x x x x x x x x x 136.61908000000003 x x x x x x x x x x x x x 660.00004 x x x x 
1208.1390999999999 1636.8262399999999 1631.31853 1467.10603 839.52371 1214.90744 1701.7638299999999 1861.71968 1155.50859 722.77248 2000000000.0 666.0330700000001 1455.60988 1774.5985899999998 1800.55551 1044.0306899999998 1052.61583 1416.61573 1896.20678 1860.10756 782.30433 1381.30377 1223.76472 1775.3873199999998 1360.14709 1976.25913 1416.7568999999999 1883.50741 1464.9232499999998 1747.34088 1519.07871 1632.1764999999998 493.9636 771.7513 1771.3272299999999 1285.1459499999999 831.86541 1363.6715499999998 1140.17547 1188.78093 1208.8011 1376.3720799999999 1134.5484099999999 1468.1962099999998 1263.9620599999998 1464.9232499999998 1035.76063 184.39093000000003 2133.35421 680.00004 360.00004 646.21982 1013.9033900000001 424.26411 2284.03156 184.39093000000003 1670.9279299999998 828.73401 1480.00004 544.05886 1098.3624599999998 621.28902 1444.99139 481.66382 233.23812 1352.0355399999999 170.88011 1404.27921 1533.1014699999998 1581.5183 x x x x x x x x x x 20.00004 x x x x x x x x x x x x x 1380.14709 x x x x x x x x x x x x x 1160.17547 x x x x x x x x x x x x x 1033.90339 x x x x x x x x x x x x x 190.88011 x x x 
1140.17547 1047.8549899999998 976.52449 878.63535 496.78973 601.6644 1094.1663899999999 1209.2973599999998 560.35707 412.3106 666.0330700000001 2000000000.0 1277.8106699999998 1108.8733399999999 1325.44336 976.52449 388.32980000000003 810.43202 1305.06709 1198.1653 161.24519 1037.8825 1060.7544899999998 1281.4055199999998 975.2948700000001 1334.61609 840.2381 1224.41827 1303.84052 1091.78757 1292.74905 992.97537 196.9772 164.92427 1494.12186 1224.41827 744.3118000000001 1098.3624599999998 765.50641 684.1053 563.56015 743.23621 468.61502 804.48745 832.58637 923.47175 893.75616 576.88824 1481.2157599999998 554.61702 506.3596 305.28679 590.93151 388.32980000000003 1636.7040499999998 528.39383 1213.4249399999999 727.1864 1153.94978 180.00004 627.6942300000001 494.77272 1069.7663699999998 1058.4895299999998 664.83085 955.19635 509.90199 744.3118000000001 1287.01208 1396.28081 x x x x x x x x x x x 20.00004 x x x x x x x x x x x x x 1354.61609 x x x x x x x x x x x x x 704.1053 x x x x x x x x x x x x x 408.32980000000003 x x x x x x x x x x x x x 764.3118000000001 x x 
291.20444000000003 1060.7544899999998 1391.68966 1007.1743 781.0250100000001 1058.4895299999998 1161.55073 1500.1333699999998 1681.0711299999998 876.58432 1455.60988 1277.8106699999998 2000000000.0 1703.17355 778.2031000000001 420.47596 1370.10952 1059.05622 1193.31475 1847.91779 1400.1428899999999 382.09950000000003 234.09404 817.0679700000001 2212.69071 1490.9058 1917.60271 1580.12662 40.00004 1838.47767 113.13712 1283.90035 1375.93609 1414.49642 360.55517000000003 260.76814 626.4184300000001 228.03513 2022.7704199999998 1880.42552 1181.8629799999999 1159.4826799999998 1361.9104599999998 1568.6937599999999 2058.83466 2037.44943 423.79244 1543.24338 1677.2597099999998 806.22581 1107.2488799999999 992.97537 728.01103 1548.2894199999998 1746.4249599999998 1291.20103 676.75701 632.45557 325.57645 1170.47003 1856.98685 1736.4331699999998 440.45435000000003 1389.24444 1236.2848 506.3596 1442.22055 1578.48032 156.20503000000002 126.49115 x x x x x x x x x x x x 20.00004 x x x x x x x x x x x x x 1937.60271 x x x x x x x x x x x x x 1201.8629799999999 x x x x x x x x x x x x x 1766.4249599999998 x x x x x x x x x x x x x 176.20503000000002 x 
1760.00004 697.71058 316.22781000000003 698.57001 1222.62018 710.21128 621.28902 349.85715 743.23621 1259.3649599999999 1774.5985899999998 1108.8733399999999 1703.17355 2000000000.0 1159.6551599999998 1665.89319 722.49571 644.9806600000001 764.19897 145.60224000000002 1004.19126 1321.9682699999998 1601.12464 1087.56613 1160.00004 501.59749 680.29409 278.56781 1742.6417099999999 205.91264 1640.00004 438.63428 1287.6335299999998 1018.62657 1678.6900099999998 1820.98878 1533.75361 1476.48235 1141.40269 902.44117 632.45557 560.35707 640.31246 312.41003 1044.79667 782.30433 1544.6682899999998 1668.7720399999998 520.38451 1435.6880299999998 1567.8010499999998 1243.3825199999999 1111.5755 1431.78215 680.29409 1632.1764999999998 1153.94978 1514.1995 1401.85595 1253.63476 980.8160300000001 1392.8388699999998 1275.7743099999998 2143.7351 1753.2826799999998 1196.82918 1614.43493 388.32980000000003 1605.61519 1765.89924 x x x x x x x x x x x x x 20.00004 x x x x x x x x x x x x x 298.56781 x x x x x x x x x x x x x 580.35707 x x x x x x x x x x x x x 1652.1764999999998 x x x x x x x x x x x x x 1785.89924 
996.39354 468.61502 856.03742 549.18125 961.04114 791.2016600000001 538.51652 861.62641 1467.10603 1078.7029599999998 1800.55551 1325.44336 778.2031000000001 1159.6551599999998 2000000000.0 1019.80394 1184.7362999999998 638.12229 463.89658000000003 1300.00004 1368.9412399999999 496.78973 835.46398 72.11107 2031.94492 796.24121 1616.04459 950.78919 814.37096 1344.0238499999998 672.30949 728.01103 1500.5332799999999 1388.52444 580.00004 1009.5544 1074.2439599999998 624.82001 1898.7364599999999 1690.6803799999998 903.76992 765.50641 1127.2976899999999 1161.03406 1878.82946 1744.01839 928.00866 1811.0770699999998 965.1943200000001 1144.90178 1450.6550599999998 1168.4177699999998 789.17683 1700.47056 1001.79842 1616.16835 134.16412000000003 1064.7065699999998 472.01699 1321.36297 1709.8538299999998 1815.9295499999998 412.3106 1923.0185 1638.1697499999998 465.18817 1714.1762299999998 1208.8011 627.6942300000001 772.0104 1016.39354 x x x x x x x x x x x x x 20.00004 x x x x x x x x x x x x x 834.37096 x x x x x x x x x x x x x 1147.2976899999999 x x x x x x x x x x x x x 154.16412000000003 x x x x x x x x x x x x x 
172.04655000000002 1137.1895599999998 1381.01416 1024.8902799999998 512.64026 960.20835 1236.9317299999998 1544.0207699999999 1463.2840199999998 566.03891 1044.0306899999998 976.52449 420.47596 1665.89319 1019.80394 2000000000.0 1170.47003 1043.4558399999999 1337.7593599999998 1802.77568 1121.60603 523.4501300000001 208.80617 1032.4728 1948.3326599999998 1578.48032 1726.6152299999999 1610.46581 424.26411 1760.45453 503.58717 1300.00004 1032.4728 1132.0777799999998 766.55076 256.12501000000003 240.83193 411.82525000000004 1741.8381499999998 1636.8262399999999 1061.6968 1106.52614 1188.78093 1463.42069 1800.99976 1835.2112 121.65529 1145.42573 1767.8235599999998 438.63428 706.82392 672.01194 560.35707 1184.0608499999998 1869.4384599999998 887.69368 891.06682 254.55848 566.03891 835.46398 1595.1175899999998 1388.52444 608.27629 976.72928 820.00004 588.2176900000001 1046.5180799999998 1451.20643 529.52813 543.32315 x 1157.1895599999998 x x x x x x x x x x x x x 20.00004 x x x x x x x x x x x x x 1780.45453 x x x x x x x x x x x x x 1483.42069 x x x x x x x x x x x x x 274.55848000000003 x x x x x x x x x x x x 
1311.03017 803.99009 627.6942300000001 655.13361 659.69694 393.95435000000003 820.24391 859.0693 312.41003 641.24882 1052.61583 388.32980000000003 1370.10952 722.49571 1184.7362999999998 1170.47003 2000000000.0 568.85855 1040.1923299999999 809.93831 288.44414 1046.90023 1189.6218299999998 1126.0550999999998 868.33177 999.59996 557.13557 860.92977 1403.56692 706.82392 1352.4792499999999 674.68515 565.68546 305.28679 1500.1333699999998 1389.24444 973.24204 1156.0277199999998 715.54179 524.97623 286.35646 460.43462 89.44275999999999 416.17308 712.17979 670.82043 1062.82646 948.4725 1127.12026 820.24391 873.15524 583.09523 644.9806600000001 721.1103 1288.09942 915.86029 1100.18184 953.51984 1159.6551599999998 546.26005 528.39383 728.01103 1048.04584 1440.2777899999999 1046.5180799999998 933.80944 891.96416 357.77092 1334.16645 1472.0054699999998 x x 647.6942300000001 x x x x x x x x x x x x x 20.00004 x x x x x x x x x x x x x 1372.4792499999999 x x x x x x x x x x x x x 732.17979 x x x x x x x x x x x x x 1179.6551599999998 x x x x x x x x x x x 
1122.8535499999998 240.83193 340.58777000000003 89.44275999999999 672.01194 208.80617 286.35646 509.90199 832.58637 749.66663 1416.61573 810.43202 1059.05622 644.9806600000001 638.12229 1043.4558399999999 568.85855 2000000000.0 494.77272 789.17683 802.24688 679.11711 960.20835 573.06199 1395.42112 581.37771 980.8160300000001 569.21002 1098.3624599999998 784.3469 1000.00004 260.00004 1005.78332 822.19223 1066.7708699999998 1180.16952 948.4725 831.86541 1271.37725 1056.0303399999998 282.84275 128.06252 500.00004 544.05886 1243.3825199999999 1108.8733399999999 921.95449 1370.8392 760.26315 900.00004 1121.60603 784.09187 518.84491 1198.1653 891.96416 1242.57801 580.00004 930.37631 765.50641 876.58432 1081.6654199999998 1263.9620599999998 639.06185 1682.9735999999998 1321.36297 553.17271 1288.09942 580.00004 967.67767 1126.4102699999999 x x x 109.44275999999999 x x x x x x x x x x x x x 20.00004 x x x x x x x x x x x x x 280.00004 x x x x x x x x x x x x x 1128.8733399999999 x x x x x x x x x x x x x 896.58432 x x x x x x x x x x 
1360.5881499999998 260.00004 509.90199 430.81322 1100.00004 703.42026 220.00004 428.01873 1259.3649599999999 1198.1653 1896.20678 1305.06709 1193.31475 764.19897 463.89658000000003 1337.7593599999998 1040.1923299999999 494.77272 2000000000.0 891.96416 1292.59433 843.0896 1190.12608 400.49973 1796.8862399999998 335.26113000000004 1337.01163 516.13956 1232.2337799999998 965.40151 1098.3624599999998 398.49722 1500.00004 1312.40242 1041.7293699999998 1392.8388699999998 1317.11811 999.59996 1706.57556 1475.1271499999998 764.19897 581.37771 960.20835 861.62641 1654.2068 1460.13702 1225.88747 1860.96753 501.59749 1321.36297 1581.5183 1252.9964499999999 924.55399 1692.9264999999998 553.17271 1717.6728799999999 523.4501300000001 1302.30569 868.33177 1363.08478 1519.07871 1753.85294 765.50641 2120.84893 1780.89869 751.79789 1775.3873199999998 929.73118 1055.46202 1210.61972 x x x x 1120.00004 x x x x x x x x x x x x x 20.00004 x x x x x x x x x x x x x 1520.00004 x x x x x x x x x x x x x 1245.88747 x x x x x x x x x x x x x 1539.07871 x x x x x x x x x 
1900.42105 840.95188 461.7359 844.03795 1349.37026 843.80096 761.57735 466.90474 776.65955 1379.2752099999998 1860.10756 1198.1653 1847.91779 145.60224000000002 1300.00004 1802.77568 809.93831 789.17683 891.96416 2000000000.0 1080.7405299999998 1466.9697099999998 1742.87123 1228.0065499999998 1128.7161199999998 604.6487 659.69694 384.18749 1887.32619 145.60224000000002 1785.3851499999998 583.09523 1368.21055 1093.43499 1823.6228099999998 1962.5493999999999 1663.7307899999998 1620.98739 1138.4199999999998 906.2009 757.09977 700.2857 734.30243 394.4617 1028.3968499999999 744.3118000000001 1681.9037199999998 1744.13306 582.40883 1557.6906399999998 1672.6028 1355.5810999999999 1245.79296 1499.33323 729.93154 1725.68831 1297.6903 1644.0194999999999 1547.38493 1352.0355399999999 993.1767600000001 1440.1389199999999 1421.2670799999999 2245.88517 1853.21347 1341.6408299999998 1696.2311599999998 456.07021000000003 1751.1139699999999 1911.33465 x x x x x 863.80096 x x x x x x x x x x x x x 20.00004 x x x x x x x x x x x x x 1113.43499 x x x x x x x x x x x x x 1764.13306 x x x x x x x x x x x x x 1460.1389199999999 x x x x x x x x 
1281.4055199999998 1043.07242 912.3596200000001 880.2272800000001 624.82001 600.00004 1075.17444 1144.90178 401.99506 555.6978 782.30433 161.24519 1400.1428899999999 1004.19126 1368.9412399999999 1121.60603 288.44414 802.24688 1292.59433 1080.7405299999998 2000000000.0 1132.0777799999998 1190.9660299999998 1318.4840199999999 826.8011 1281.5615899999998 681.17549 1149.0866299999998 1428.4257499999999 965.1943200000001 1405.8449799999999 948.68334 288.44414 20.00004 1592.23118 1364.8443499999998 894.42723 1208.8011 624.82001 524.97623 529.52813 713.8627700000001 377.35929 693.10898 680.00004 762.36478 1032.2790699999998 664.83085 1414.2135999999998 709.36595 662.7217 456.94643 688.18606 432.66619000000003 1574.29353 664.83085 1266.49126 876.58432 1248.67934 340.58777000000003 474.13082 461.7359 1154.1230799999998 1201.66555 810.43202 1037.68978 616.11691 624.82001 1396.28081 1514.8597699999998 x x x x x x 1095.17444 x x x x x x x x x x x x x 20.00004 x x x x x x x x x x x x x 1612.23118 x x x x x x x x x x x x x 1434.2135999999998 x x x x x x x x x x x x x 1174.1230799999998 x x x x x x x 
518.84491 684.68975 1009.75248 625.14002 572.71288 699.71427 786.38417 1121.60603 1358.82306 690.5071 1381.30377 1037.8825 382.09950000000003 1321.9682699999998 496.78973 523.4501300000001 1046.90023 679.11711 843.0896 1466.9697099999998 1132.0777799999998 2000000000.0 349.85715 509.90199 1910.4973599999998 1121.78433 1576.32488 1200.1667 421.9005 1461.64295 323.10993 901.99782 1176.4353299999998 1149.0866299999998 460.43462 550.2727 594.64279 161.24519 1736.6635099999999 1569.8408 826.8011 784.3469 1024.49992 1200.1667 1754.53702 1700.00004 432.66619000000003 1425.06144 1310.2671899999998 702.56676 1021.76322 800.49988 447.21364 1368.21055 1391.40221 1200.1667 367.69557000000003 588.2176900000001 116.61908 975.2948700000001 1559.74361 1526.4337899999998 84.85285 1444.71454 1193.6499 126.49115 1323.7824999999998 1216.5525499999999 295.29650000000004 449.44414 x x x x x x x 1141.60603 x x x x x x x x x x x x x 20.00004 x x x x x x x x x x x x x 570.2727 x x x x x x x x x x x x x 722.56676 x x x x x x x x x x x x x 1464.71454 x x x x x x 
170.88011 1013.9033900000001 1300.61528 925.41886 566.3921300000001 917.8235500000001 1115.70609 1440.1389199999999 1495.8609999999999 652.99315 1223.76472 1060.7544899999998 234.09404 1601.12464 835.46398 208.80617 1189.6218299999998 960.20835 1190.12608 1742.87123 1190.9660299999998 349.85715 2000000000.0 856.03742 2012.0636599999998 1456.0220199999999 1744.70632 1513.2746399999999 250.59932 1716.85763 300.00004 1205.9851099999998 1148.5643599999999 1204.1595 561.42679 220.00004 392.93769000000003 212.60296000000002 1815.7092699999998 1686.29776 1033.2473499999999 1043.07242 1192.30872 1431.78215 1860.10756 1860.4300999999998 189.7367 1309.1982699999999 1645.60023 572.71288 873.61323 768.37495 546.26005 1317.26994 1734.5893299999998 1057.73347 712.17979 398.49722 368.78182000000004 944.03394 1656.01936 1509.03947 432.66619000000003 1184.56747 1007.1743 442.71891 1208.1390999999999 1431.36303 322.49035000000003 360.55517000000003 x x x x x x x x 1515.8609999999999 x x x x x x x x x x x x x 20.00004 x x x x x x x x x x x x x 412.93769000000003 x x x x x x x x x x x x x 893.61323 x x x x x x x x x x x x x 1027.1743 x x x x x 
1020.78405 396.9887 784.09187 483.7355 936.8031100000001 733.75749 466.47619000000003 791.2016600000001 1404.27921 1052.61583 1775.3873199999998 1281.4055199999998 817.0679700000001 1087.56613 72.11107 1032.4728 1126.0550999999998 573.06199 400.49973 1228.0065499999998 1318.4840199999999 509.90199 856.03742 2000000000.0 1968.2479899999998 729.93154 1548.41859 880.2272800000001 854.40041 1272.00633 714.70278 656.04882 1460.13702 1338.2078 641.24882 1039.4229599999999 1070.70075 648.99927 1838.47767 1627.8820999999998 843.0896 699.71427 1066.2082699999999 1091.23787 1815.7092699999998 1676.3055 935.09362 1779.1009399999998 901.99782 1129.24758 1429.4055099999998 1137.71705 761.57735 1660.12052 945.30422 1591.1002899999999 144.22209 1060.00004 501.1986 1285.6127299999998 1649.24229 1769.1806399999998 425.20587 1915.41122 1619.8765799999999 460.43462 1683.44888 1140.17547 670.5222200000001 820.00004 x x x x x x x x x 1072.61583 x x x x x x x x x x x x x 20.00004 x x x x x x x x x x x x x 668.99927 x x x x x x x x x x x x x 1157.71705 x x x x x x x x x x x x x 480.43462 x x x x 
2107.88998 1604.61837 1295.22203 1484.85694 1448.4474799999998 1253.63476 1587.5768099999998 1471.0540799999999 566.03891 1382.31694 1360.14709 975.2948700000001 2212.69071 1160.00004 2031.94492 1948.3326599999998 868.33177 1395.42112 1796.8862399999998 1128.7161199999998 826.8011 1910.4973599999998 2012.0636599999998 1968.2479899999998 2000000000.0 1632.29903 480.41653 1423.5168099999999 2243.21202 985.08887 2206.89832 1398.4277299999999 980.8160300000001 816.33331 2366.8544899999997 2191.07284 1719.18589 2008.9798799999999 223.60684 344.09305 1132.0777799999998 1270.1181399999998 909.72527 941.4882200000001 156.20503000000002 384.70772 1858.2788099999998 1180.16952 1680.11908 1529.57514 1412.09069 1280.15628 1486.60691 943.39815 1840.10873 1335.06558 1958.87727 1701.7638299999999 2024.74694 1137.1895599999998 356.08992 740.27026 1915.5156399999998 1840.97804 1496.2620499999998 1800.55551 1202.66375 868.33177 2192.07668 2322.06808 x x x x x x x x x x 1380.14709 x x x x x x x x x x x x x 20.00004 x x x x x x x x x x x x x 243.60684 x x x x x x x x x x x x x 1506.60691 x x x x x x x x x x x x x 1222.66375 x x x 
1626.4071199999998 442.71891 373.63087 566.03891 1252.5175 765.76763 341.76019 161.24519 1144.3775999999998 1330.5638299999998 1976.25913 1334.61609 1490.9058 501.59749 796.24121 1578.48032 999.59996 581.37771 335.26113000000004 604.6487 1281.5615899999998 1121.78433 1456.0220199999999 729.93154 1632.29903 2000000000.0 1154.1230799999998 223.60684 1530.6208299999998 706.82392 1403.56692 344.09305 1530.7514899999999 1300.00004 1369.3794599999999 1668.6521899999998 1516.0475299999998 1282.6535399999998 1580.12662 1340.00004 771.7513 600.00004 910.82384 700.00004 1503.3296799999998 1266.96492 1460.13702 1910.4973599999998 189.7367 1480.54048 1697.99886 1358.82306 1092.8861299999999 1708.5666899999999 311.12702 1808.5353599999999 840.95188 1498.9329899999998 1166.19042 1432.20114 1402.28389 1726.6152299999999 1052.2357599999998 2263.44874 1896.9449499999998 1013.9033900000001 1836.19175 780.25641 1362.35095 1521.1837899999998 x x x x x x x x x x x 1354.61609 x x x x x x x x x x x x x 20.00004 x x x x x x x x x x x x x 1360.00004 x x x x x x x x x x x x x 1728.5666899999999 x x x x x x x x x x x x x 800.25641 x x 
1868.15421 1166.19042 828.73401 1068.26967 1214.5781599999998 880.90866 1135.95779 992.97537 280.00004 1184.56747 1416.7568999999999 840.2381 1917.60271 680.29409 1616.04459 1726.6152299999999 557.13557 980.8160300000001 1337.01163 659.69694 681.17549 1576.32488 1744.70632 1548.41859 480.41653 1154.1230799999998 2000000000.0 943.39815 1952.33198 514.19845 1891.5602399999998 940.2127800000001 941.4882200000001 682.64197 2015.3411999999998 1946.1757799999998 1523.15466 1698.11664 483.32188 269.07252 752.86125 852.76026 555.6978 475.39461 368.78182000000004 128.06252 1619.8765799999999 1263.1706499999998 1200.00004 1357.93966 1343.7261999999998 1108.8733399999999 1198.6659699999998 1003.19494 1360.5881499999998 1329.81206 1559.74361 1503.7287399999998 1684.04279 1020.1961 367.69557000000003 876.58432 1564.8642499999999 1867.8330099999998 1482.97003 1456.0220199999999 1245.9534899999999 411.82525000000004 1869.5454399999999 2014.0506799999998 x x x x x x x x x x x x 1937.60271 x x x x x x x x x x x x x 20.00004 x x x x x x x x x x x x x 772.86125 x x x x x x x x x x x x x 1380.5881499999998 x x x x x x x x x x x x x 1889.5454399999999 x 
1680.23812 523.4501300000001 256.12501000000003 588.5576 1225.88747 710.21128 427.55121 89.44275999999999 961.04114 1287.01208 1883.50741 1224.41827 1580.12662 278.56781 950.78919 1610.46581 860.92977 569.21002 516.13956 384.18749 1149.0866299999998 1200.1667 1513.2746399999999 880.2272800000001 1423.5168099999999 223.60684 943.39815 2000000000.0 1620.12349 483.32188 1503.3296799999998 310.48353000000003 1416.05089 1166.19042 1503.7287399999998 1731.58891 1515.3877799999998 1360.5881499999998 1385.20761 1144.3775999999998 679.41155 538.51652 771.7513 509.90199 1300.00004 1052.2357599999998 1489.2951799999998 1800.00004 272.02945 1451.20643 1633.7686899999999 1296.3024699999999 1084.61979 1581.5183 436.80663000000004 1725.3405899999998 970.15467 1496.93023 1262.5371699999998 1343.5773499999998 1213.4249399999999 1575.81729 1140.70158 2208.4384 1828.77012 1081.6654199999998 1733.6666699999998 592.28376 1464.9232499999998 1626.0381699999998 x x x x x x x x x x x x x 298.56781 x x x x x x x x x x x x x 20.00004 x x x x x x x x x x x x x 558.51652 x x x x x x x x x x x x x 1745.3405899999998 x x x x x x x x x x x x x 1646.0381699999998 
282.84275 1100.72707 1431.36303 1046.90023 807.21748 1095.62771 1201.4991 1540.1299 1714.05955 900.00004 1464.9232499999998 1303.84052 40.00004 1742.6417099999999 814.37096 424.26411 1403.56692 1098.3624599999998 1232.2337799999998 1887.32619 1428.4257499999999 421.9005 250.59932 854.40041 2243.21202 1530.6208299999998 1952.33198 1620.12349 2000000000.0 1877.2320399999999 144.22209 1323.7824999999998 1397.8555399999998 1442.49787 375.76592 241.66096000000002 639.06185 266.83332 2051.82849 1912.0669799999998 1218.5237399999999 1198.1653 1396.71046 1606.48689 2089.68901 2071.71431 438.63428 1556.6631399999999 1716.85763 822.92166 1119.4642 1016.0709 760.26315 1567.8010499999998 1785.3851499999998 1302.9198399999998 714.70278 646.21982 364.96579 1192.8118399999998 1887.32619 1758.40841 480.41653 1385.20761 1243.3825199999999 545.8938 1456.0220199999999 1615.54948 188.67966 120.00004 302.84275 x x x x x x x x x x x x x 834.37096 x x x x x x x x x x x x x 20.00004 x x x x x x x x x x x x x 1416.71046 x x x x x x x x x x x x x 734.70278 x x x x x x x x x x x x x 
1868.68942 876.58432 488.26226 850.88194 1287.6335299999998 802.24688 809.19717 555.6978 640.31246 1306.1393899999998 1747.34088 1091.78757 1838.47767 205.91264 1344.0238499999998 1760.45453 706.82392 784.3469 965.40151 145.60224000000002 965.1943200000001 1461.64295 1716.85763 1272.00633 985.08887 706.82392 514.19845 483.32188 1877.2320399999999 2000000000.0 1783.7040499999998 616.11691 1253.63476 976.52449 1842.71543 1934.9418999999998 1606.1133599999998 1610.46581 992.97537 761.57735 700.2857 679.11711 639.06185 305.94121 882.94964 601.3319 1641.0972299999999 1624.3152799999998 710.21128 1486.60691 1578.48032 1272.00633 1200.1667 1375.3545399999998 863.7129600000001 1620.12349 1327.4035199999998 1586.1904399999999 1549.83874 1252.9964499999999 849.70587 1305.98626 1423.3763099999999 2147.0911 1753.2826799999998 1335.2153799999999 1581.13887 349.28502000000003 1751.91328 1910.18328 x 896.58432 x x x x x x x x x x x x x 1780.45453 x x x x x x x x x x x x x 20.00004 x x x x x x x x x x x x x 325.94121 x x x x x x x x x x x x x 1606.1904399999999 x x x x x x x x x x x x 
393.95435000000003 980.8160300000001 1325.7451099999998 941.4882200000001 799.24969 1020.00004 1080.1852099999999 1421.2670799999999 1664.81234 903.5486 1519.07871 1292.74905 113.13712 1640.00004 672.30949 503.58717 1352.4792499999999 1000.00004 1098.3624599999998 1785.3851499999998 1405.8449799999999 323.10993 300.00004 714.70278 2206.89832 1403.56692 1891.5602399999998 1503.3296799999998 144.22209 1783.7040499999998 2000000000.0 1213.4249399999999 1404.70642 1421.2670799999999 263.05897 372.02154 687.31365 197.98994000000002 2023.56126 1870.1871999999998 1146.12394 1107.2488799999999 1337.01163 1523.15466 2051.82849 2013.7527599999999 483.7355 1596.2456399999999 1588.08064 854.40041 1164.98931 1020.00004 721.38759 1584.04549 1651.3025599999999 1349.37026 577.23483 690.5071 240.83193 1198.8328099999999 1852.6737799999999 1763.85944 364.96579 1479.59458 1305.52675 449.44414 1494.5233799999999 1538.4408099999998 44.721399999999996 126.49115 x x 1345.7451099999998 x x x x x x x x x x x x x 1372.4792499999999 x x x x x x x x x x x x x 20.00004 x x x x x x x x x x x x x 2071.82849 x x x x x x x x x x x x x 260.83193 x x x x x x x x x x x 
1371.86009 260.76814 128.06252 280.71342 926.49883 424.26411 200.00004 250.59932 865.79447 996.39354 1632.1764999999998 992.97537 1283.90035 438.63428 728.01103 1300.00004 674.68515 260.00004 398.49722 583.09523 948.68334 901.99782 1205.9851099999998 656.04882 1398.4277299999999 344.09305 940.2127800000001 310.48353000000003 1323.7824999999998 616.11691 1213.4249399999999 2000000000.0 1189.6218299999998 967.67767 1240.64503 1425.06144 1208.3046399999998 1060.7544899999998 1312.40242 1078.7029599999998 429.41825 256.12501000000003 588.5576 465.18817 1256.34394 1064.5187099999998 1178.8129999999999 1567.8010499999998 509.90199 1153.7764499999998 1357.6450599999998 1018.2338 778.2031000000001 1370.8392 652.99315 1464.9232499999998 715.54179 1190.12608 973.24204 1088.1176799999998 1126.4102699999999 1401.85595 848.52818 1926.65517 1555.8920699999999 780.25641 1492.5147 531.4132500000001 1177.1151599999998 1338.2078 x x x 300.71342 x x x x x x x x x x x x x 280.00004 x x x x x x x x x x x x x 20.00004 x x x x x x x x x x x x x 1084.5187099999998 x x x x x x x x x x x x x 1108.1176799999998 x x x x x x x x x x 
1202.8300399999998 1241.93402 1170.47003 1072.0075 609.26189 796.9943900000001 1290.2713299999998 1403.56692 670.5222200000001 501.1986 493.9636 196.9772 1375.93609 1287.6335299999998 1500.5332799999999 1032.4728 565.68546 1005.78332 1500.00004 1368.21055 288.44414 1176.4353299999998 1148.5643599999999 1460.13702 980.8160300000001 1530.7514899999999 941.4882200000001 1416.05089 1397.8555399999998 1253.63476 1404.70642 1189.6218299999998 2000000000.0 277.84892 1623.0835299999999 1287.6335299999998 791.9596300000001 1216.7169299999998 758.94668 740.00004 760.26315 940.2127800000001 651.15286 978.36602 855.1023700000001 1004.9876 968.29751 384.18749 1675.23137 593.96974 431.7407 384.70772 737.5636000000001 200.00004 1831.7205399999998 388.32980000000003 1383.6184799999999 777.94605 1290.2713299999998 205.91264 662.7217 360.55517000000003 1217.53854 926.49883 543.32315 1106.34537 328.02443 912.14038 1404.27921 1498.9329899999998 x x x x 629.26189 x x x x x x x x x x x x x 1520.00004 x x x x x x x x x x x x x 20.00004 x x x x x x x x x x x x x 988.29751 x x x x x x x x x x x x x 682.7217 x x x x x x x x x 
1292.74905 1063.01462 930.37631 900.22223 637.80879 620.00004 1094.8972999999999 1162.7553899999998 404.47501 566.03891 771.7513 164.92427 1414.49642 1018.62657 1388.52444 1132.0777799999998 305.28679 822.19223 1312.40242 1093.43499 20.00004 1149.0866299999998 1204.1595 1338.2078 816.33331 1300.00004 682.64197 1166.19042 1442.49787 976.52449 1421.2670799999999 967.67767 277.84892 2000000000.0 1609.09917 1376.3720799999999 903.5486 1224.41827 612.20915 519.23024 549.18125 733.48487 394.4617 707.10682 670.82043 761.0519400000001 1044.0306899999998 651.15286 1431.78215 716.9379700000001 661.21105 465.18817 704.55664 416.17308 1592.10556 657.87541 1285.76829 885.88942 1265.7014299999998 342.3449 465.18817 441.81448 1171.83621 1195.49157 805.23293 1055.46202 604.6487 637.80879 1412.09069 1529.70589 x x x x x 640.00004 x x x x x x x x x x x x x 1113.43499 x x x x x x x x x x x x x 20.00004 x x x x x x x x x x x x x 671.15286 x x x x x x x x x x x x x 461.81448 x x x x x x x x 
651.45994 986.71175 1363.08478 992.97537 1013.9033900000001 1134.5484099999999 1077.033 1416.61573 1810.41436 1126.0550999999998 1771.3272299999999 1494.12186 360.55517000000003 1678.6900099999998 580.00004 766.55076 1500.1333699999998 1066.7708699999998 1041.7293699999998 1823.6228099999998 1592.23118 460.43462 561.42679 641.24882 2366.8544899999997 1369.3794599999999 2015.3411999999998 1503.7287399999998 375.76592 1842.71543 263.05897 1240.64503 1623.0835299999999 1609.09917 2000000000.0 617.414 941.91299 412.3106 2196.17854 2024.74694 1262.5371699999998 1187.2658099999999 1471.0540799999999 1609.09917 2210.70129 2141.12124 740.27026 1839.67392 1543.24338 1098.3624599999998 1414.2135999999998 1240.64503 905.53855 1809.53037 1581.13887 1598.12394 533.6666 943.39815 344.09305 1418.7318699999998 2017.91976 1977.9788099999998 452.54838 1742.6417099999999 1562.04998 566.3921300000001 1737.69967 1636.8262399999999 240.00004 272.02945 x x x x x x 1097.033 x x x x x x x x x x x x x 1612.23118 x x x x x x x x x x x x x 20.00004 x x x x x x x x x x x x x 1563.24338 x x x x x x x x x x x x x 472.54838 x x x x x x x 
