25
0 1 2 3 4 5 6 7 8 9 10 11 12 13 14 15 16 17 18 19 20 21 22 23 24 
0
10000001 84 74 100 100 110 97 138 131 105 87 130 123 109 137 133 122 120 142 104 121 80 106 105 111 
84 10000001 95 129 90 105 156 131 146 100 64 171 155 109 125 169 132 120 150 86 126 112 123 120 131 
74 95 10000001 62 105 86 103 146 133 77 74 135 117 106 119 127 88 88 102 87 135 61 98 123 64 
100 129 62 10000001 129 107 121 174 124 88 99 150 126 108 117 124 111 107 90 128 148 70 119 139 75 
100 90 105 129 10000001 92 128 101 117 89 94 144 106 142 123 126 98 94 152 101 121 121 138 79 134 
110 105 86 107 92 10000001 131 167 150 113 98 136 112 117 118 131 95 59 130 109 149 115 121 132 118 
97 156 103 121 128 131 10000001 148 132 125 150 105 81 146 138 90 107 117 135 134 136 122 117 103 116 
138 131 146 174 101 167 148 10000001 145 112 141 152 142 179 157 165 141 155 182 137 136 157 161 84 177 
131 146 133 124 117 150 132 145 10000001 123 130 151 122 154 119 107 139 154 144 128 67 144 145 99 115 
105 100 77 88 89 113 125 112 123 10000001 95 162 124 115 89 123 89 90 88 101 140 99 138 106 109 
87 64 74 99 94 98 150 141 130 95 10000001 154 156 99 134 167 136 123 136 99 119 102 118 121 103 
130 171 135 150 144 136 105 152 151 162 154 10000001 116 167 178 140 151 153 180 158 138 152 136 126 160 
123 155 117 126 106 112 81 142 122 124 156 116 10000001 170 125 75 74 94 151 135 139 119 120 99 130 
109 109 106 108 142 117 146 179 154 115 99 167 170 10000001 105 166 160 126 100 142 144 141 128 139 130 
137 125 119 117 123 118 138 157 119 89 134 178 125 105 10000001 113 110 95 79 122 133 144 138 120 127 
133 169 127 124 126 131 90 165 107 123 167 140 75 166 113 10000001 90 112 125 127 138 140 160 126 125 
122 132 88 111 98 95 107 141 139 89 136 151 74 160 110 90 10000001 60 121 97 157 101 133 125 108 
120 120 88 107 94 59 117 155 154 90 123 153 94 126 95 112 60 10000001 108 114 164 115 128 125 120 
142 150 102 90 152 130 135 182 144 88 136 180 151 100 79 125 121 108 10000001 133 164 138 156 155 107 
104 86 87 128 101 109 134 137 128 101 99 158 135 142 122 127 97 114 133 10000001 117 117 140 133 102 
121 126 135 148 121 149 136 136 67 140 119 138 139 144 133 138 157 164 164 117 10000001 155 127 93 128 
80 112 61 70 121 115 122 157 144 99 102 152 119 141 144 140 101 115 138 117 155 10000001 105 137 94 
106 123 98 119 138 121 117 161 145 138 118 136 120 128 138 160 133 128 156 140 127 105 10000001 114 111 
105 120 123 139 79 132 103 84 99 106 121 126 99 139 120 126 125 125 155 133 93 137 114 10000001 141 
111 131 64 75 134 118 116 177 115 109 103 160 130 130 127 125 108 120 107 102 128 94 111 141 10000001 
